0	1	2	3	4	5	6	7	8	9	10	11	12
13	14	15	16	17	18	19	20	21	22	23	24	25
26	27	28	29
30	31	32	33	34
35	36	37	38	39	40	41	42	43	44	45	46	47	48	49	50	51	52	53	54	33	55	56	57	45	58	59	60	61	62	63	5	6	64	65	66	67	68
69	70	71	72	73	74	75	76	77	78	79	80	81	82	83	84	85
86	87	88	89
90	91	92	93	94
95	96	97	98	99	100
101	102	103	104	105	106	107	108	109
110	111	112	113	114	115	116	117	118	119	17	120	70	14	121	122	123	124	125	126	127	128	129	126	130	131	132	64	133	134
135	116	136	137	138	139
35	41	140	141	142	143	144	145	146	147
148	144	149	150	28	151	152	137	153	138	154	155
35	156	157	158	0	145	159	160	161	162	163	164	165	166	116	167	168	169	170	147
171	28	16	172	173	174	25	175	138	154	176
177	111	53	47	178	179	180
181	182	183	184	185	186	187	26	188	30	189	190	191	111	53
30	127	111	192
193	194	195	196	24	127	197	198	199
35	200	201	154	202	203	204	137	205	206	40	124	207	208	209	210	211	212	213	214	215
216	217	218	219	220	217	221	222	223	217	224	225	226	227	228	229	230	231	232	233	234	23	235	236	237	217	238	239	240	160	241	242	243	244	245	246	247	217	248	249	250	251	218	252	253	254	255	256	257	258	259	260	261	177	262	191	263	264	265	266	267	268	269	270	271	272	273	274	275	276	277	278	279	3	280	281	282	283	284	285	160	286	287	288	289	262	290
291	292	293	127	262	290	294	295	296	297	298	59	299	300	160	147	40	301	302	303	304	305	306	307	308	309	310	311	312	313	314	315	316	317	318	40	319	320	321	322	323	324	325	326	327	328	329	330	331	332	333	334	335	116	336	337	338	339	340	341	342	343	344	345	346	347	348	129	104	349	350	351	352	353	354	355	356	357	123	358	359	262	191	360	361	362	330	363	364	365	176	366	367	368	352	369	370	371	372	373	374	270	138	375	35	376	217	377	378	379	380	381	116	382	381	383
384	385	192	386	28	185	387	388	389	390	391	392	393	394	395	14	396	397	20	40	398	399	116	400	401	402	403	404	205	405	90	406	407	408	409	40	410	411	394	412	92	413	183	414	415	416	40	124	417	51	418	419	217	420	124	421	228	329	422	246	40	423	424	425	48	426	427	428	429	430	431	102	185	147	138	432	433	434	137	435	436	112	437
438	439	217	440
441	253	28	442	443	444	445	446	172	447	448	449	450	451	452	453	454	455	434	456	457	458	459	460	461	462	463	464
465	466	467	150	28	468	469	7	466	470	471	40	472	473	474	475	15	476	477	389	478	205	386	206	368	479	478	480	23	481	482	483	484	485	486	487	488	489	490	484	466	491	484	492	493	494	150	14	495	496	461	497	498	7	499	500	501	502	503	504	138	154	505	506	507	508	509	510	511	512	513
514	182	515	174	516	23	517	518	38	519	520	381	27	133	186	521	522	138	523	524	274	126	525	283	526	527	528	110	182	529
40	362	530	531	532	161	533	534	535	536	537	538	242	539	540	40	230	63	65	42	541	83	245	542	543	544	545	546	14	182	547	548	184	549	141	550	551	552
185	553	115	164	533	284	23	554	555	480	556	557	442	558	167	559	560	561	40	380	562	40	167	559	560	561	40	563	564	565	15	14	566
40	557	567	444	445	446	568	569	570	571	572	573	400	574	575	83	172	271	576	20	73	577	578	579	580	581	414	3	582	583	163	584	585	586	411	587	262	191	588	589	590	591	122	592	593	594	595	40	270	150	596	582	597	163	164	598	386	461	24	599	600	601	602	603	110	270	582	245	79	604	605	606	138	154	185	147
607	608	609	610	611	43	460	461	612	613	578	614	615	616	617	618	619
262	191	185	147	40	418	582	620	621	41	622	102	160	623	47	48	25
624	137	270	625	626	627	584	628	71	515	270	329	629	630	631	202	632	633	634	314	329	126	160	635	35	584	439	636
575	415	637	638	639	505	425	412	640	641	112	449	499	523	642	643	644	645	28	389	380	23	646	647	123	648	649	20	47	650	651	169	652	653	654	655	270	113	473	165	26	656	185	195	152	138	154	182	657
557	658	659	660	577	661	662	444	445	189	663	664	401	665	661	666	667	668	669	15	670	671	672	673	48	674	33	675	676	523	348
677	262	191	678	679	680	111	28	681	682	683	684	380	685	686	687	688	461	50	689	690	691	253	692	693
153	694	189	695	696	218	450	257	697	698	14	79	699
177	105	292	195	700	701	702	703
0	704	705	182	706	176	427	434	707
40	14	205	15	206	708	592	278	652	400	709	26	463	165	710	711	40	124	594	48	174	712	65	713	714	48	715	716	717	102	718
719	720	137	721	722	723	724	725	174	349	35	726	727	410	559	728	167	590	729	730	138	731	732	733	138	58	672	734	735	560	736	737	41	738	484	739	722	40	5	270	480	244	740	244	71	741	742	82	743	744	559	569	745	746	747	507	748	749	750	487	484	751	294	752	45	753	754	722
40	755	756	757	758	759	45	760	40	754	584	761	126	762	763	475	116	764	116	765
40	418	121	48	766	767	768	769	48	609	770	771	40	124	562	40	116	398	399	772	773	253	774	775	411	776	37	48	777	718
294	728	778	779	762	780	154	781	106	782	783	299	300	783	299	784	785	786	787	788	358	183	592	183	789	447	49	111	610	662	790	791	792	793	794	795	796	182	706	797	262	290
798	283	447	799	14	800	40	563	182	480	565	545	801	802	761	803	212	761	705	102	804	746	805	806	807	515	808
453	454	809	810	811	812	127
813	606	217	243	814	352	443	815	498	434	816	243	817	818	584	22	111	270	819	820	151	628	11	821	412	822	163	823	545	824	182	706	825	182	706	826	827	828	797	262	290	829	830	477	330	831	182	657
832	833	834	182	41	835	836	837	127	629	838	14	839	840	124	841	842	102	705	386	610	147	843	174	844	412	845	129	846	81	847	848	849	24	850	851
852	111	853	854	757	676	5	348	855	183	856	396	857
262	191	858	182	859	860	381	200
185	401	147	0	861	50	862	777	35	270	138	154	863
864	28	15	476	865	441	461	22	766	866	867	868	869	870	871
444	445	872	150	873	641	206	874	116	875	876	877	878	138	879
137	880	881	137	882	883	617	884	885	886	27	887	40	867	476	888	889	890	891	138	432	892
893	894	445	895	896	766	897	766	177	111	102	15	898	899	40	608	102	185	867	900	766	901	778	902
903	150	28	174	380	22	206	47	169	904	461	23	905	877	467	102	718	906	360
277	907	524	908	909	466	910	41	911	912	648	649	282	50	442	608	270	197	175	447	913
677	914	915	916	183	28	917	753	918	919	785	917	920	606	921	922	923	924	924	253	925	862	163	299	926	785	927	928	829	330	929
494	930	127	15	112	23	931	802	40	8	7	330	412	163	657	138	154	932	478	202	933
259	127	934	40	14	935	936	50	228	777	937	726	262	191	938	401	939	940	941
942	126	270	169	943	147	160	217	124	797	944	809	945	126	270	169	943	147	110	946	183	14	836	947	948	137	476	592	949	24	950	664	951	380	889	952	177	953	137	487	757	954	829	138	154	182	955	956
185	28	26	957	160	958	582	245	959	960	42	162	165	503	754	961	245	270	79	962	963	245	964	965	767	474	768	966	967	968	253	969
723	28	889	48	970
971	137	972	115	164	973	974	7	150	975	843	976	606	138	879
885	542	381	270	936	977	959	172	978
864	979	943	980	981	982	137	163	164	598	983	138	154	707
984	27	887	607	163	985	598	986	478	987
386	206	44	562	270	507	127	988	989	534	990	991
27	992	150	993	22	994	22	995	384	996	997	998	999	548	2	1000	126	245	962	22	1001	137	1002	613	408	1003	1004
460	1005	885	1006	185	28	1007	1008	970	270	138	154	863
177	1009	271	841	83	127	574	597	1010	551	1011
460	1012	183	553	1013	662	1014	1015	1016	169	1017	434	606	138	154	199
14	1018	111	14	523	186
1019	102	1020	1021	386	112	415	985	1022	617	867	415	42	1023	1024	1025	184	79	1026
1019	1027	926	154	433
1028	427	1029	153	138	139
1030	447	516	174	262	1031	984
1032	463	984	1033	1010	754	1034	427	1035	1036
1037	111	28	1038	138	879
30	105	441	1039
1037	111	270	1040	150	943	926	1041	346	867	1042	1043	10	15	766
434	1044	444	189	1045	102	658	1046	807	127	14	1047	1048	550	1039	259	127	195	1049	163	164	1050	386	1039	937	1051	1052	411	569	1053	1054	1055	171	245	1056	1057	368	1058	1044	1016	1059	975
677	890	127	15	609	205	865	862	889	1060	271	1061	1062	1063	226	1064	761	127	584	441	1065
1066	809	40	612	127	728	1067	1068	1069	1070	1071	1072	1073	1074	926
1066	809	40	612	127	728	1067	1068	1069	1070	1071	1072	1073	1074	926
937	184	26	1075	1076	1077	245	963	664	427	156	1078	1079	150	147
445	872	189	1080	442	414	386	1081	1082	505	418	1083
1084	418	1085	1086	174	1087	1088	1089	110	1090	584	262	1031	182	584	1091	352	867	473	25
439	217	444	445	189	406	113	1092
174	206	153	705	199	40	41	1093	262	191	976
40	420	182	1094	903	820	1095	1096	26	1097	1079	185	1098
47	934	460	1099	718
453	1100	829	138	879
1101	1102	0	145	439	217	111	1099	1103	25	1104
1105	1106	30	163	164	1050	973	244	314	860	138	1107
1090	584	218	63	1108	177	1109	1110	1111	418	1112	14	729	1113	182	1114
1115	1113	545	726	418	401	1116	1117	655	1118	1119	584	1028	138	154	176
1120	507	959	169	1023	1121	165	582	711
947	1122	1123	1124	116	750	852	292	1125	507	1126	1127	615	584	1128	138	154	1129
159	1130	1131	423	1132	26	1133	1134	679	299	704	1135
115	1136	1137	606	127	1138	40	41	1139	1140
111	480	852	1141	30	124	150	1142	199
947	1143	1144	599	26	1145	1146
111	14	441	1147	177	48	1148
1105	1149	149	705	433	30	845
177	1150	185	920	1151	901	778	138	139	1152
111	1039	705	621	433	177	889
641	1153	1154	30
1155	177	895	1156
35	41	184	836	1157	1158	395	183	618	172	1159	1160	1028	427	550	138	139
723	1161	903	444	445	1162	137	1004	1163	652	1164	41	491	330	199
111	270	138	879	137	206
617	442	606	1165	127	1166	177	668	441	975	198	754	1167
434	150	1168	976	1169	1063	1170	189	628	48	560	1171	932	1172	1173	224	830	271	1174	1175	1176	1177	1136	1178	217	105	283	1179
1180	1181	1091	917	62	628	1182	1183	116	1184	1185
1186	202	1187	1188	1189	1185	1190	1191	1192	1193	1016	441	161	1194
129	1195	1196	1197	14	1198	1199	1200	212	1201	126	1202	129	1203	1204
218	1205	79	182	270	599	182	1206	129	83	1207	1185	915	628	245	542	1208
1209	1210	1211	1212
1213	778	104	1214	1215	1216	1217	1218	1219	271	1220
427	330	932	1185
810	499	174	3	1221	1222	443	975	1223	0	1224	1225	129	1226	1047	825	226	556	675	1227	1170	1228	617	206
723	556	23	1229	617	112	22	380	562	0	1230
810	725	408	1231	1232	92	408	1233	541	944	416	1234	944	1235	1236	1237	1238	1239	3	1240	1003	1241	1242	1243	1244	1245	641	1246	1247	1248	1249	1250	259	1251	1252	1229	947	1121	1253	1254	1255	1256	1257	110	1258	1259	386	1260
1261	890	439	217	1262	443	243	63	1263	40	1264	1265	1266	1267	14	1102	427	1268	1264	1269	599	1270	1121	570	1271	427	434	1272	1273	177	161	48	1274
1275	1276	127	1277	245	38	22	1129
259	116	562	427	1278	401	315	1279	48	1280
1281	116	1038
1282	1283	1284	463	1284	1285	1086	1286	1108
550	1287	1276	1172	262	191	1288
40	652	1225	40	1289	557	463	288	1284	0	1290	1291	112	1292	1293	1294	1295	47	475	548	387	1296	245	246
212	79	217	161	230	63	1099	48	943	507	1297
177	1195	1298	1299	40	14	1224	40	867	170	442	124	1059	153	551	182	955	860	584	852	1141	1169	14	794
719	1300	1301	1302	872	189	1303	408	414	1304	1305	612	83	1306	1307	1308	577	1309	1310	1311	1312	1313	1314	262	1031	1119	909	1315	1316	807	358	386	865	940	1317	14	434	1008	1213	1318	679	1319	1320	1270	386	102	818	584	1321	110	270	160	1016	1322	1323
327	1324	1325	1326	1327	1328	1329	1328	1330	1331	649	1332	652	434	1333	1334	387	1213	1335
1336	1337	1338	1339	1340	415	777
1341	1342	975
723	1343	160	1344	1345	1346
1347	169	1348	183	773	1349	1350	169	1351	722
825	569	920	478	386	431	206
262	191	271	914	271	924	914	154	628	199	271	1352	1063	1353	1354	179	1355
270	245	1356	1357	929	1192	830	1358	198	199
575	174	1032	28	41	1359	124	1221	443	1360	627	830	1361	271	815	15	147
160	270	889	380	1362	617	7	1363	1364	1365	1366	860	138	1107	1367
1368	1369	1370	1371	1067
698	28	839	1371	1372	1373
855	163	1355	177
1374	1375	704	626
626	1103	1376	1377	1378	3	283	429	829	138	154	1379
1380	442	723	14	1249	975
177	1381	1028	617	28	1149	652	150	1382	138	154	176
520	137	887	270	1383	447	1076	1077	1384	664	427	932	1385	1384	1386
189	174	1387	843	360
447	675	1016	1388	1389	899	1390	1391	1392	983
617	195	23	442	111	1393	1242	152	903	217	1394
1395	838	1225	983
617	694	23	608	976	30	1396	270	1397	138	154	932	1398
947	520	965	177	845
110	150	183	28	985	26	1399	1400	270	1401	434	245	1402	617	1403	177
262	1404	1405	28	1008	26	1406	1163	652	594	639	212	79	217	124	243	1407	1408	163	598	626
1105	1225	137	138	879	177	972
381	185	270	1136	488	1225	58	59	270	102	1409	1410
1411	1412	177	976
160	270	1413	160	955	401	1414	829	754	1415	138	879
1416	609	149
1417	867	1320	1418	518	1419	1230	617	1023	47	48	1350	975	460	610	1420	1421	545	726	392	418	3	1422	442	1423	1424	434	1425	1196	271	1422	1426	1427	1428	41	1429	1430	1431	1432	1433	1434	24	154	1435	1436	1348	1437	1438	434	503	1439
111	1039	628	606	138	879
177	887	1440	1441	1119	1137	1394
283	60	1442	30
262	191	1024	1443	138	154
270	1444	1445	973	1446	1447	160	1448	137	283	606	138	879
115	584	1449	584	1450	1451	185	147	30	833	1203	976	330	1379
460	270	150	975	177	195	138	154	199
1380	1452	402	1453	177
160	955	160	28	270	785	707
111	480	15	657	606	138	879	723	25
653	28	283	263	183	1454
1074	28	111	1196	111	1455	177
1456	160	147	1457	505
137	279	1458	536	1459	391	1460
1461	1462	1463	124	1464	1465	1466	1467	1468	1469	1470	1471	1472	1473	800
137	279	1458	536	1459	391	1460
1461	1462	1463	124	1464	1465	1466	1467	1468	1469	1470	1471	1472	1473	800
177	105	1474	296	14	685	746	1025	1475	1476	1477	14	1478	1479	1480	1481	1482	1483	15	313	79
1484	127	262	1031	1485	217	244	1486	245	79	1487	391	1480	1488	282	3	592	1489	283	1480
597	1010	138	1490
719	1491	1492	1150	24	588	557	905	658	1046	40	1493	585	797	1494	1495	1496	550	420	189	1497	182	612	1498	154	1499	1500	1501	944	748	1502	1503	434	1504	1505	1494	1500	1506	1507	303	1508	1240	1327	1509	368	1510	1511	1512	1513	202	1514	1515	1516	166	363	202	1517	1518	1519	1520	1521	1522	797	1523	1434	584	1524	50	1525	1168	442	1526	1527	1528	1398	40	1529	1530	1531	1470	420	1532	444	445	1533	40	1534	1535	1536	1537	1538	1539	1486	351	726	1503	1540	1541	1504	1542	815	50	1543	1544	1545	557	1546	172	1547	1320	1548	442	1549	1550	1517	1551	694	761	105	1552	1176	780	1553	1554	1555	1556	1557
1558	1559	1560	40	659	121	444	1561	1562
719	1491	411	544	588	14	410
1563	1205	1564	294	1558	658	1565	1566	1567	1568	1569	1570	575	1571	1046	1183	1572	1570	1573	659	1574	1575	1576	543	1577	1578	1579	937	1566	563	1580	1581	1582	1583	212	1284	1584	1585
797	569	1586	1587	1535	1588	132	1589	40	575	1571	411	106	1590	1591	1592	1593	1594	612	1595
40	1596	218	1597	1598	1599	1600	1601	1602	330	1603	1604	1605	1606	1284	64	1607	1608	1609	1610	1611	1558	1284	1612	1613	915	1614	1615	1616	1617	1618	1607	1619	1620	1284	1621
314	48	1622	218	573	102	837	1623	14	1624	1625	726	1626	1627
606	217	205	161	889	127	262	290	628	27	14	25	1628
628	102	826	1629	632	74	1630	1631	137	1632	1633	1634	74	189	1517	505	1635	1636
1637	695	447	1638	921	1639	1640	1641
47	638	1642	1643	418
47	160	14	386	473	305	1644	10	614	1645	1646	1647	96	415	123	1237	1648	1649	1650	1004
1651	270	1652	150	652	434	557	1653	1654	1655	1656	110	262	1657	159	395	773	1056	1181	1658	867	1546	1659	471
520	14	1660	1661	150	1039	40	867	1008	26	282	1662	1663	1664	577	1665	1666	542	1667	1668
40	753	1115	1669	458	634	1670	418	1671	661	612	1672	612	1673	1086	1674	1675	1493	1493	1676	1677	1678	1679
15	127	262	290	129	111	14	22	473	406	442	150	334	40	205	990	170	434	959	183	206	40	1680	1681	1464	1682	594	1467	1683	631	1684	1685	1686	1687	1688	1689	726	384	1690	1691	1692	815	1693	40	1545	1694	418	202	106	281	1695	1201	81	182	1696	51	434	981	1697	1698
1699	1700	418	1701	1702	478	977	1703	412	170	1704
1421	83	1705	1706	530	1707	1708	1709	1710	1711	104	1712	1713
1714	1301	445	872	1715	1716	329	1717
1030	679	532	260	845
427	292	1718	102	1719	159	230	1720	1721	939	1722	1723	1301	445	1533	1724	1725	1726	1091	1579
22	1727	1728	1729	1730	1731	1732	111	206
1733	1226	1734	1097	976
1735	1736	1737	22	127	400	137	147	177	205	124	1738	1108	1739	15	664	243	542	1740	1741	1742	674	14	58	1743	1744	1745	1746
903	262	1031	106	183	163	1129	1747	83	1748	1749	1750	1751	182	41	183	1752	836	1753
1169	1754	1755	126	1756	1757
129	1758	1759	96	1760	1761	1249	1762	1763	1755	65	1764	1765	1766	599	827	478	1767	1768	1769	1770	852	570	830	1771	1772	1773	1774	1775	1776	1768	1777	1597	1428	1778	1779	1780	1781	576	1782
212	79	1783	189	401	1784	89
829	138	154	932	1785
1786	1787	50	1747	83	762	1788	1789	1529	1790	1791	1792	1793	1794	1726	1795	1796	83	1797
1015	1798	1799	1470	116	1800	1801	1802	1222	570	1803	1804	1805	1806	1807	1808	1809
1810	1755	1222	570	1811	1812	1813	126	1814	1815	1816	1817	1755	570	1818	1819	1284	1812	1820	1821	1822	1823	50	329	1824	1792	1825	1826
1827	762	1828	1829	1830	1831	63	1470	1832	1833	1834	411	1684	1835	1836
330	1837	1838	530	1839	1755	1840	570	334
40	1838	1798	1755	1840	54	1841	108	1840	1842
40	1843	1844	1845	1846	1755	570	116	1847	507	65	1308	70	1848	366	1849	1850	182	1851	1852	396	1853	133	1284	1854
1855	1856	1857	1840	1858	1859	1860	1861	563	1862	1863	1864	50	563	762	1851	1865	635
1015	1866	1867	1868	1837	530	1798	1846	1869	1870	1871	1872	1754	1873	1849	610	501	1874	610	1875	1865	1673
1197	245	1876	1877	924	632	1878	1879	243	1880	1881	1879	1882	1883	1884
40	442	447	434	1674	1885	205	853	104	1385	817	1699	1886	1525	560	1887	1888	1889	40	1890	228	1558	1891	1892	1893	1681	659	1894	726	65	212	79	1430	1895	462	434	1896	182	1897	1898	1899	1890	228	1900	366	1412	1901	1412	381	283	1902	1469	1903	1904	1905	1558	1906	353	1886	610	502	1907	493	1810	353	1908	1909	366	469	1910
35	1911	40	1912	243	1913	1914	1915	1907	1916	1917	1918	1681	797	1919	1920	1921
1739	562	366	1922	1923	685	1924	1925	1886	401	1926	1927	1928	1929	1930	273	1931	11	1932	27	797	1933	1934	1935	1936	1937	1938	330	1939	493	1940	1412	27	163	1941	163	533	506	40	9	1942	403	1405	163	620	112	1943	1944	1652	1196	403	278	279	1945	1680	1412	1946	381	1176	330	1947	1948	1949	1486	584	1950	35	1951	418	1952	1953	1434	657	521	1217	1952	166	628	1176	815	827	1954	1955	521	1732	1956	104	1916	1957	140	182	1681	1732	1958	366	1205	1959	308	1960	1961	1962	116	950	1963	1964	1016	1965	1966	1967	466	560	1968	1969	40	1970	1971	1972	628	48	1249	142	401	360	40	1973	1974	1652	1963	1975	1966	818	1931	1976	1977	1858	560	1978	1964	458	1979	1980	1304	1352	614	364	129	726	1981	981	182	1982	443	1376
35	698	524	836	1983
111	1488	127	1138	27	1984	1985	867	1986	721	116	150	766	177	105
150	926	177	1987
1145	1311	1988	271	360
177	1989	1990	841	742	163	585	1991	410
185	102	1992	1025	1097	1445	2	1993	177
1994	406	1452	1074	882	424	27	283	1995	668	1768	498	1996	1997
1998	447	1999	2000	2001	14	2002	177	330	2003
617	506	40	41	1140	2004	138	154
271	442	177	2005	943	127	2006	183	506	0	2007	271	1241	2008	2009	2010	2011	30
1032	920	26	2012
111	920	852	984	177	1039	185
1037	921	41	920	2013	0	1224	937	921	1363	401	2014	129	1311	283	160	185	179	2015	177	105	126	245	542	50	1119	584	1946	2016	160	217	2017	887	439	2018	2019	262	191	440
2020	2021	1136	137	161	1933	137	553	145	40	189	2022	177	1376	172	2023	198	1379
138	432	217	1394
110	1313	584	947	917	2024	137	28	461	2025	386	553	626
2026	245	2027	179	138	154	2016	218	447	854	2028	1211	2029	2027	984
2004	138	139	177	914
110	2030	208	1211	887
903	1301	418	177	105	2031	2032	2033	44	2034
1210	1211	111	1129	628	478	920	1040	1141	40	1755	22	584	364	44	189	48	2035	550	2036	154	831	2037
40	1119	955	2038	1418	772	185
150	553	138	154	176
270	26	2039	177	2040	111	206
137	112	150	1039	44	189	1016	2041	903	217
44	2042	676
1119	584	2016	917	2043	2044	230	2045	2018
441	53	40	395	14	2046	24	600	1141	129	1350	1225	177	105	2047
575	2048	2049	110	150	127	943	826	48	814	79	956	1681	2050
217	150	270	2051	40	282	124	797	352	2052	270	26	2053
150	1039	1377	7	3	498	2054	270	138	154
2055	584	2056	2057	283	860	2058	153	330	22	124	2059	932	2060	2061	2062	2063	271
1037	150	147	641	163	1156	2064	651	975	329	2065
2066	2067	177	615	2068	198	2069
2070	901	680	225	127	2071	177	124	244	2072
2055	1415	1141	1037	183	943	1099	2073	124	442	1225
520	150	584	550	138	139	110	185	642	2074	745	1024	198	1379
40	170	2075	2076	386	2077	1211	1195	976	903
150	102	183	112	610	26	985	1399	903	1376
855	2078	557	50	458	659	2079	2080	2081	79	182
947	1886	2082	196	14	1401	651	2083	2084	170	124	2085	2086	927	138	154	2087	1197	1816	2088	439	2089	27	454	548	387	2090	2091	1368	2092	2093	79	2094	40	2095	10	434	609	10	2096	40	116	793	245	1423	40	425	2097	2098	2099	27	2100	116	424	640
617	461	111	7	169	112	2101	766	2102	14	26	2103	442	1650	92	434	183	642	2104
947	930	127	1314	886	2105	2036	1064	127	2106
40	2107	2108	1892	9	202	106	2109	124	1968	2110	2111
40	418	1061	1063	2112	2113	1873	529	40	2048	15	10	1038	40	2114	14	2115	642	2116	2117	2118	2119	2120	2121
153	126	2122	270	127	851
384	610	28	391	959	2123	587	2124	26	123	2125	2126	259	116	2127	2128	119	676	650	150	340	773	2129	381	75	1249	147
1032	1088	2113	40	14	2130	2131	2132	2133	2134	2135	2136	2137	2138	40	9	439	2139	1482	1079	1712	2140	2141	259	116	2142	2143	2144	2145	2146	40	2147	2148	400	1363	2149	1421	245	2150	804	2151	2152	124	284	2153	258	1488	1964	1583	51	384	2154	368	2155	2156	1580	480	2157	331	305	2158	116	2159	2160	1015	606	2161	541	41	2162	2163	716	2164	2165	124	2166	418	2167	2168	2169	2170	2171	257	2172	2173	2174	14	1968	2175	167	2176	2156	1580	722	14	1618	1796	1058	634	2148	2177
400	2025	127	386	147	44	2178	163	164	2179	386	2180	2181	244	160	480	1687	2177
628	27	127	79	138	154	2003
2182	2183	584	14	2184	115	533	1412	40	14	400	2185	124	2186	442	793	2022	1674	418	1150	2082	947	14	329	104	406	283	2187	427	1320	659	2188	163	955	2189	2190
259	14	116	2191	1043	2192	2193	2194	2120	2195	2137	2196	2115	2197	943	127	1213	778	1997
719	2198	2199	947	262	191	127	291	1225	394	668	14	889	2200	2201	2202	990	1291	473	102	2203	2204	262	191	2202	102	2205	2206	79	217	244	1314	202	952	2207	330	2208	2209	628	27	2210	506	2211	2212	166	363	1682	168	202	106	102	603
30	2213	1225	545	659	556	303	2214	1005	70	2215	2216	1304	1242	1964	628	2217	2218	65	2219	363	2214	40	2220	2221	353	2222	363	2223	1320	2224	2225	270	2144	2226	947	2227	2228	1953	116	466	2225	2229	1646	1469	2230	2231	14	722	1030	2232	2231	2233	1469	2230	2231	2234	1646
40	557	270	1525	2235	2236	208	1211
795	394	628	27	2237
520	434	15	127	14	381	2238	461	442	387	594	1640	2239
1176	2240	930	2241	217	15	2242	274	150	2243	2244
2245	454	2246	1252	125	556	1043	64	2247	2248	330	2249	160	584	601	1544	2250	2251	2252
40	124	2253	1016	2254
90	447	418	1633	22	2255	415	406	416	2256	2257	2258	2259	506	73	2260	2261	2262	641	499	650	9	169	48	2263	335	116	1242	676	2011	40	2264	2265	2266	2267	403	418	2268	2269	2270
113	609	336	111	147	40	2178	2179	2180	3	2271	102	718	556	116	2272	2273	2274	2275	113	102	2276
1032	112	111	867	2277	2278	2279	2280	1274	40	2144	2281	810	24	606	2282	40	124	2283	1506	797	33	2284	2190	807	283	1899	138	14	2285	2286	1022
185	270	2287	172	2288	1028
48	270	683	24	2289	599	1211	1681	138	154
2290	271	1732	553	2291	2292	2293	466	664	177	105	848	2294	206	829	138	154	1379
47	160	2295	952	30	440
153	138	154	182	706	754	584	956	903	147	1441	111	1297	30	976
2296	415	658	659
177	924	150	1622	2297	2285	2298	2299	914	2300	2301	914
2302	395	1916	698	165	186	47	238	420	594	1249	975	2303	1933
2304	2005	217	914	149
2305	206	708	185	147	30	447	2306
2307	1027	147	2308	2309	2291	778	138	154	199
22	102	463	859	1223	111
2310	111	1129	177
259	127	1475	1476	1225	2311	206	628	137	116	150	975	177
677	890	150	553	2312	1196	22	3	1038	2313	154	932
35	2314	977	1025	2315	2316	1180	392	2317	695	2318	990	2319	1861	664	551	932
677	262	1031	2320	150	2321	270	899	1169	2322	1445	243	2323	245	3	2324	2325	243	2326	651	577	2327	271	817	434	628	2328	2329	217
137	283	553	463	560	2330	1249	2331
110	401	270	1441	2184	2332	79	1223	2333	1418	124	1225	194	1039	177	2334	2335
1037	160	553	177	105	124	2336	2337	2338	83	401	52	2184	1681	879
927	2339	129	2340	150	1153	2341	914
587	2342	2343	2344	162	111	473	582	245	186	716	185	1136	422	2345	163	2346
2347	83	860	138	2348	2349	271	163	973	163	1987	2350	988	2351	2352	2353	217	2354	828	2355	903	111	124	447	2356	2357
30	887	2353	2358	1136	1441	431	1153	2070	2359	680	283	2360	2361	271	2362	22	657
291	27	1037	1149	553	597	1010	2363	154	674	544	356	105	2364	2365	230
183	1039	177	105	972	394	150	2366	2367	2368	2369	41	2370	2371
177	22	2372	22	14	1719	707	198	831	2373	2374
2312	442	177	105	253	2375	160	217	124	244	245	2376
110	2330	2377	177	914	154
1248	574	177
2378	2379	2380	2381	2382	2383	2384	1951	425	2385	217	914	1037	1027	313	1784	1931	2386	901	217	1398	2387	330	932	271
1074	1428	2388	903	125	2200
628	2389	548	865	183	592	990	133	150	2390	1865	2391	283	2392	2016	816	556	64	2249	458	1249	380	2393	2394	2395	217	368	2105	754	127	153	515	2396	442	2397
1074	195	9	118	124	96	442	207	2398	48	2336	2399	829	138	154	199	2369	116	111
40	557	417	753	556	2400	978	40	753	2401	151	524	212	2402	582	401	2403	2404	1320	2405	2406	2407	2408	2409	2410	1718	461	873	2411	2412	444	445	872	2413	2414	2415	2416	1990	1235	420	18	116	2417	2418	283	2059	1187	79	2419	2420	8	2421	2422	303	2423	40	412	424	2424	2425	303	1640	705	932	2426
2194	1601	2427	1511	2241	102	2428
737	2	679	2429	494	2430	2431	112	124	2432	2424	472	2120	2433	2434	14	981	961	217	976
40	867	17	2410	1187	2435	1984	2436	2120	79	1187	182	41	2437	186	2404	541	1364	116	2438	2439	2440	427	1666	2441	978	2442	973	2443	2444	2235	434	2445
245	178	584	463	2143	1201	2446	2297	458	1363	329	780	2447	927	283	2448	23	895	412	2449	1815	1197	582	2450
2451	2452	212	79	2453	102	1394	494	242	668	14	2454	303	2455	380	2456	1261	1946	1441	1137	182	161	927	2457	2458	1850	610	2459	2460	2461	2462	116	2463	1886	2082	1218	2464	2465	2466	2467	2468	1719	52	267	23	707
1169	418	1348	380	400	11	2469	2470	2471	2472
2473	14	2474	1011
1400	949	2277	1534	2475	2476	2477	2478	652	2479	2480
47	2481	562
47	23	2482	2471	267	2483
2484	2485	2486	2487	1348	2488	418	2488	420	461	2489	2490	2491	2492	2493	684	2418	582	245	542	956
628	27	2494	2495	2496	2497	2498	2499	2500	2501	2502	2503	470	2504	2505	218	608	2506	582	2507	2508	895	608	2509	600	508	2510
439	30	2511	2512	780	2513	2514	505	2515	2516	2517	2518	1232	2097	2130	2519	2520	2521
2522	2523	2524	2525
137	867	473	766	2526	562	521	447	212	2527	2528	1646	955	1897	2528	2529	1486	2530	116	2531	360	726	329	1682	560	2532	1421	489	1172	2533	2534	2535	2536	1751	262	191	1632	2537	2538	58	1498	2241	920	1661	434	2539	726	846	2540	1108
1079	2541	2542
2543	14	400	150	2544	1737	937	1946	570	1661	442	1177	291	2326	1954	366	628	23	2545	2546
879	40	1680	329	515	1879	2547	606	211	2548	2549	2550	2551
2552	2553	2554	154	542	48	2555	2556	2557	899	2336	606	217	15	127	506
627	584	628	153	127	2558	2559	2560	2561
356	401	51	2562	2563	434	1725	441	2564
294	2565	599	2566	2109	2567	2330	2568	2569	549	2570
40	14	628	1284	2571	2572	1284	1223
550	1880	2573	2574	1284	2575	2576	1284	2577	1810	1210	2578
129	1566	211	127	2579	480	2580	2581	381	14	174	283	2582	259	2583	2584	105	2585	182	1898	389	2586	147	2587	2588	271	2589
2590	1079	545	2591	955	127	2580	2592	2593
1030	2594	1661	2595	190	191	1441	1119	1488	480	1363	329	933	628	2197	129	270	584	2596	1860	668	2597	427	218	166	179	154	2598
1415	1835	2599	1413	2600	1856	594	2601	2602	937	2289	2144	23	302	2220	308	1946	2603	538	104	2144	2604	2605	1689	2606	1438	26	231	2607	2363	2608	2609	2610	2611	2612	2613	51	2614	2615	730	2616	2617	1183	1566	2618	2619
1816	2620	2621	1486	97	1600	2173	230	2622	2366	1318	2623	2624	2625	142	2626	380	262	191	2627	587	2628	716	1333	22	2629	2630	427	2631	1795	1879	2619	2632	674	1825	172	58	2613	1121	524	998	1121	1075	2076	584	584	1486	2633	611	1626	218	1861	2634	2635	161	2636	2637	2638	190	191	1364	560	2639
716	2640	2409	2453	102	2641	761	1176	1079	2642
212	79	217	105	972
719	314	2643	2358	2644	1136	1137	506
73	1183	2537	15	41	258	2645	2646
726	22	1712	2647	2648	2649	679	2650
2651	1931	1295
1027	312	628	606	154	1685	2015
2652	930	2241	211	926
101	137	828	262	191	1681	2653	902	40	2107	772	1874	2654	380	207	208	1211	124	83	828	2655
101	2656	687	137	127	1681	2653	551	851
2657	2658	2659	2660	212	126	381	2235	157	2661	2662	947	1150	2663	381	1364	60	442	728	2663	1491	2664	2665	2666	2667	40	418	594	2668	2237	40	2669	2670	2671	2672	2673	1591	167	1799	2048	2674	2235	2665	2666	2675	434	1474	2549	1579	628	27	442	594	1640	412	2676	413	2677	2235	420	463	2678	2657	2679	1058	2680	363	1474	2681	658	659	1953	931	105	2682	2683	420	2684	2685	2686
177	129	2378
111	127	14	606	2687
2353	1947	559
677	262	1031
2182	947	2688	116	1011	441	1148	137	2689	867	2690	3	1249	124	425	640	15	206	1743	1010	2363	154	981	828	754	2691	2558	754	1129
867	1532	137	2277	943	435	436	757	2692	27	105	2693	2694	435	1005	2695	2696	2697	2698
30	1743	1108
218	1440	1825	112	458	330	2699	1169	461	14	65	162	22	2700	927	2523	2105	58	1743	1010	138	139
111	127	262	191	137	2701	865	2702	766	1284	259	2703	2704	2705	2706	2707	83	1811	2708
1284	40	2709	2710	244	484	163	2711	434	2712	2713
1284	40	563	1609	2709	2414	2714	1607	2715	2716
2717	127	262	2718	0	1669	689	1907	2719	1700	116	2720	2721	111	340	2722	2723	2724
40	116	2725	183	48	2120	577	642	643
1030	283	2726	2727	2728	2729	17	2730	2731	2732	40	10	2733	105	1196	2734	2385	2735	2736
2737	179	557	818	1587	64	1633	2738	2739	2740	628	2741
40	418	447	753	1669
628	111	195	283	780	2029	124	628	1016	562
1450	1451	920	1215	153	138	929
177	83	270	1669
677	1886	2742	2743	2744	2745	2746	2747
2748	2749	2750	1314	154	542	2751	441	270	2752	2753	515	2754	1886	1947	2755	2756	2757	2758	2243	2759	2760	2761
606	921	2762	217	498	2763	174	625	1681	138	154	932	1258	202	2764	1960	183	2765	83	2766	674	628	1364	2767
2312	703	700	895	2768
40	2629	1640	2152	2769	2770	381	22	2771	1418	23	682	2772	1421	2773	2774	936	726	1736	2775	1610	2776
759	2777	2778	1236	2779	182	955	2780	2781	1470	1453
2782	759	610	2783	614	1394
903	189	2784	212	447	2785	2786	1397
2787	124	418	2788	2789	186	2405	885	2790	862	2791	400	2792	1718	206	15	926	2793	2794	2427	2363	920	2795	1972	2796
35	1680	560	2631	2797	2798	2799	2800	2801	754	2802	1030	2608	2803	651	2804	489	306	1743	1242	1235	1886	1823	2805	2806	2807	2808	2809	2810	2811	754	2812	550	2813	2814	14	124	2815	2816	1056	2817	1491	493	521	943	941
521	550	2418	2818	179	2819	166	212	422	2820
852	111	2821	920	2822	40	112	2823	124	1060	291	160	147	864	386	901	778	138	879
2599	2824	899
606	217	105	22	556	262	1657
1037	189	793	136
182	41	157	836	2825
427	2826	527	1100
2827	189	815	1235	420	2828	2829
2830	422	2831	1422	2832
2833	2834	2835	1159	26	2836
793	2837	1931	1170	1176	1177	1005	1982
1743	1010	2838	1379
2839	1441	48	299	262	2718
381	628	2840
40	14	577	2336	1241	1004
40	2114	10	183	2561
40	189	628	96	434	2841	2775	2842
40	406	1343	111	2843	2844	588	434	15	2845	895	628	48	2351	127	1394	381	2840
2846	563	1305	659	2847	2848
2846	1305	457	458	2849	2850	2851	457	2852
2846	563	1305	659	2847	2848
2846	1305	457	458	2849	2850	2851	457	2852
2846	2853	1507	2854	1251	2855	2856	2857
22	584	262	290	1532	1279	1308	123	2858	2859	650	116	183	2860	2444	651	348
434	447	2345	51	124	2328	463	958	2287	406	2861	2862
153	330	2863	2864	14	133	664
30	2865	2866	2219	2397	556	1046
111	584	14	602	947	182	488	1064	879
2241	2867	2868	2869	867	50	2870	14	1091	1063	2871	353	1214	920	1661	2872	1488	2873	2874	434	1741	2875	569	2850	51	2876
463	560	2455	50	2877	1488	212	628	79	463	1091	2182	2878	2879	301	212	2880	2881	1488	404	2882	2883	462	1786	2884	2885	2409	2416	2886
129	726	1968	691	463	2887	1545	301	2888	1197	2870	2889	950	79	391	1488	506
631	2890	2891	813	2892	2893	2894	2895	2198	2896	1940	2109	2897	2633	2898	1968	2899
1946	154	2900	2901	2902	915	2903	330	172	2904
212	79	217	172	1474	889	1450	1987	262	191	15	270	202	1520	2150	2428
181	2905	482	2906	411	759	244	439	2907
40	54	112	28	2908	3	283	401	262	290
2909	40	1568	111	79	2910	420	2911	766
2912	658	1046	44	612	238	2913	434	79	243	1301	2914	612	2672	1556	2669	179	154	2915	420	2916	2917	173	329	330	1227	1170	1235	2918	2919	1079	211	127	506
947	182	2920	2921	676	803
1119	584	549	2922	894	1385	150	205	1314	2598
218	1825	2923	2924	2925	163	1415	2216	2926	2927	921	182	41	2076	2199	837
1248	2928	420	2	2929	2930	745	2931	44	594	2932	96	2933	2283
2934	40	279	41	2935	1251	1313	2936	2937	1432	1063	2938	2939	2940	2941	2942
40	279	1251	2943	1038	40	2944	2945	2946	137	1237	23	2482	420	2947	2948	2740	40	420	2949	2950	2951	24	947	614	2952
2953	242	137	2954	1004	2955	182	124	2956	1306	420	1725	2957	2958	2947	202	1498	2405	1251	1079	2959	1242	2960	812	2961
937	411	154	1251	2093	2962	2963	2964	2444	2965	2966
778	154	14	153	412	502	1344	2967	1108
217	105	1743	23	812	2968	2345	1845	664
361	1010	2969	929
27	1488	262	191	1100	2970	395	403	2971	1038	90	556	1224	1457	1785	104	2972	2973	2939	2974	2975	2976
40	124	1249	2977
2978	2548	2979	1879	1284	1474	2980
893	2981	1434	1742	153	106	754	1034
463	560	2982	305	321	212	2983	368	2984	1814	2985	2986	1785	466	2987	1441	569	920	14	659	2988	212	558	2219	212	2989	2990	65	212	2991
2992	803	2993	2994	270	2995	2702	212	79	2996	2997	2998	124	2999	79	3000	565	3001	443	2283
2870	2887	104	116	48	476	311	1545	1242	150	2142	3002	3003	1432	38	3004	2942	111	10	930	2114	1931	620	1422	3005	150	3006	3007	14	2108	1225	90	172	1568	556	434	207	1457	1681	138	879
3008	3009	1545	165	468	1459	587	262	191	150	3010	400	2828	270	15	116	343	3011	330	381	3012	676	305
3013	2005	124	219
3014	3015	3016	102	1490
2194	759	14	3017	182	2314	1006	320	3018
3019	2182	353	2986	730	3020	306	1566	3021	3022
3023	212	2781	3024	2182	1201	3025
40	1205	730	1953	3026	417	3027	1470	1177	506	3028	3029	1205	329	597	2566	14	2528	3030	3031
937	1566	330	659	1183	659	1121	3032	635
40	1795	1855	3033	3034	14	3035
368	754	828	11	194	112	3036	3037	743	182	3037	182	1632	3038	3039
527	3040	1121	524	262	191	1633	3041	972	3042	3043	3044	111	147	395	3045	3046	507	1728	1075	2403	1030	218	151	1063	3047	35	270	610	1132	3048	40	189	3049	96	3050	3051	3052	3053	3054	582	14	3055	3056	40	418	462	65	3057	2945	3058	2109	506	40	412	3059	40	9	150	1572	3060	3061	584	3062	1235	3063	40	3011	395	116	340	3064	1681	505	14	212	1681	138	929	3065	3066	3067	3068	3069	3070	1556	3071	725	1556	3072	14	582	3073
259	3074	116
708	10	3075
1380	753	2284	228	1232	1304	1384	3076	3077	3078	490	3079	14	3020	51	182	329	1474	3080	3081	3082	631	124	48	79	647	3083	410
828	1968	41	899
2554	852	2082	401	116	901	3084
3085	754	3086	981	1150	803
40	111	24	3087	1348	418	51	1311	447	3088	1363	105	3089	161	533	136
208	1047	3090	2326	3091	14	381	3092	3093
40	1063	10	1348	3020	3094	1941	3095	10	111	3096	58	401	147
1354	22	815	2889	901	895	3097
262	191	291	160	3098	163	463	1461	299	3099
40	395	205	3100	122	3001	634	3101	115	463	3102	2859	105	271	161	598	40	2443	480	3103	48	113	670
259	116	3104	650	439	3105	3106	22	3107	1235	3105	116	457	3108	40	1308	435	3109	434	1732	3110	3111	483	1640	412	3112	3113	434	1279	3114	3115	1235	1242	3001	3116	1385	3117
40	380	1313	2936	129	329	628	894	730	3118	815	268	1249	1250
212	1681	505	2076	699	40	3119	435	64	2655	434	33	102	168	33	1004	3120	3121	434	447	1712	3122	15	3123	642	2104	427	1150	2397	2091
40	753	439	2255	408	766	515	1493	3124	167	817	3125	462	3126	1545	3127	3128	615	659	3129	3130	3131	658	3132	218	3133	83	3134	1650	3135	104	2850	560	3136	3137	3138	3139	3140	612	659	182	673	2633	3141	294	3142	65	3143	2219	284	434	2583	3144	3145
40	3146	3147	2818	1700	3148	3149	15	3150	1063	10	745	2559	3151	73	2253	408	3152	3153	612	3154	3155	3156	22	270	3157	10	3158	3006
3159	2837	1931	53	2992	803	1248	380	2546	73	559	230	163	3160	575	2048	2022	0	1918	2843	3161	827	3162	207	606	814	2405	271	401	104	1931	817
40	442	274	3163	110	3164	1223	3165	3165	3166	3167	127	2197	40	3168	2786	2236	3169	3170	3171	3172	836	3173	364	40	161	533	2491	3174	51	3175	3176	3119	3177	3178	3179	3180	3181	14	3182	3183	40	3091	3184	3185	14	2917	3186	40	1301	3187	3188	3189	442	3188	3190	1242	597	620	3191	1834	458	2584	1453	129	590	284	79	3192	3193	3194	3195	2837	1931	3196	1962	755	457	3197	3198	3199	2095	676	1169	1062	3200	3201
3202	2114	3164	1223
40	442	1059	658	659	3203	90	1225	262	191	291	160	147	1953	163	533	3204	22	3205	40	652	1008	2107	628	83	245	1055	171	2197	40	124	96	3206	240	2418	83	245	3207	1251	594	38	3178	2859	2146	40	642	10	3208	38	3209	3210	400	1038
852	182	480	14	14	1946	436	3211	3060	1726	1886	3212	2854	51	126	3213	320	466	439	3214	1217	3215	66	33	3216	3161	3217	192	971
366	3218	116	1503	739	411	3219	111	974	1181	474	218	3220	3221	3222	3223	621	83	2859	1121	1076	2277	3224	0	3225	3226	1098
1834	66	3227	3228	3229	3119	569	3230	83	3231	3232	1587	64	104	1005	65	202	2200
40	401	3233	569	2850	1205	3234	3235	3236	3237	267	137	2689	163	973	3238	3239	1129
3240	102	705	104	1063	1144
1313	584	1440	2210	262	191	192
0	185	2177	40	397	990	3241	2022	291	3242	553	3243	666	478	830	245	283	133	664
40	1545	345	116	1119	127	447	398	3244	116	793	1225	40	3245	3221	2220	419
3246	3247	262	290
277	291	3242	603
40	753	380	96	3248	412	797	2918	3249	2248	3250	3251	65	975	63	258	480	3252	1750	1226	921	400	3253	1747	2289	569	516	3254	411	3188	11	3255
3256	682	974	1291	3184	75	3257	3258	3208	800	3259	380	1249	2456	3260	3261	560	79	3164	2284	3262	3263	33	577	126	23	3264	3265	40	3266	3267	40	773	388	3268	3269	775	1685	3270	3271	3272	40	9	70	3273	23	3274	3275	1886	651	3276	18	2097	1278	244	1450	1756	1886	1441	1129	3277	3278	3279	827	3105	2144	168	15	1023
430	3280	14	682	230	2977	40	278	3281	3282	3283	3284	3285	3286	283	3287	3288	1396	170	3289
0	3290	3291	3292	102	1364	2455	410	159	1756	556	658	1565	3293	3294	807	686	921	3295	3296	182	212	1079	173	609	764	14	3297	2114	1236	3298	3299	40	3300	3301	3302	3303	1502	2601	3304	2151	3305	212	202	1617	563	402	3306	836	801	586	1030	3307	3308	3309	3310	3311	181	1732	3312	817
2748	3313	202	680	2025	147	40	1396	1322	3314	0	2620	389	857	40	2528	3315	2236	40	9	2202	3316	3317	79	1685	3318	40	10	3319
3320	860	127
294	920	3321	3322	3323	3324	3325	3326	3327	3328	1506	1141
1261	3329	3330	270	3331
115	1461	112	3332	3333	1726	3334	277	3335	3336	3337	3221	14	3338	475	3339	401	270	2282
40	150	584	1402	0	111	3163	2312	380	976	795	41	1079	41	3340	3341	3342	131	3343	131	428	64	3344	1249	2877	471	3345	3346	334	40	442	418	406	2848
102	3347	1410	40	3348	2107	3349	3350	3351	3352	993	1723	3353	3354	3355	2005	3356	3357	2589	90	1669	83	3358	3359	921	41	424	1747	836	3360	181	3071	3361	3362	1363	3071	412	3363
1214	917	3354	2667	0	3364	3365	50	955	2401	439	706	3366	1945	267	3367	3368	40	439	955	200	44	165	401	202	106	329	860	3191	855	1211	2	2336	3369	218	3370	1286	283	3371	40	41	270	606	389	478	183	1985
40	3372	157	3373	3374	563	722	40	124	96	3375	2834	1350	102	3376	855	1344	1150	3364	270	2737	441	1227	3377	458	458	442	3118	3378	587	1418	9	3331	40	41	620	14	410
1457	1681	505	270	1886	480	926	40	3379	3380	2805	9	3381	3382	3383	3384	306	1235	628	1790	3385	490	3386	2363	3387	2807	947	2668	3388	3389	3316	3390	3391	2854	3392	3393	208	24	916	331	3394	110	284	79	2508	3395	1861	3396	3280	3397	3398
617	147	47	2193	3399	570	1732	1136	1744	3400	1743	3401	795	291	3402	1289	1348	60	2	126	245	246	110	291	160	28	3403	463	487	105	707
587	22	3404	3405	3406	2945	231	3407	1023	3408	815	770	3409	9	3410	116	1249	480	3411	3412	3413	3414	753	174	3415	3416	3417	1419	3418	1289	60	3419	3420	3421	658	2235	3422	3423	3404	1502	3424	259	3425	154	3426	194	2832	3427	3428	102	2248	3429	3430	3431	387	924	1156	3432	2127	3433	3295	3434	3435	3436	3437	3438	3439	2608	3440	3441	3442
434	2879	418	3443	445	872	3444	3445	420	2012	3446	3447	3448	3449	3040	981	584	658	1565	3450	584	809	527	1736	1655	3451	1320	164	2025	147	3452	3453	70	166	974	3199	3266	380	400	3454	0	166	126	245	447	3455
40	124	594	1249	219	47	771	3456	3457	418	26	116	380	329	895	241	1677	569	3458	728	778	3459	543	3460	366	1363	3461	3428	206
3462	499	3463	2701	246	0	401	113	1987
40	418	183	245	3464	3465	2442	3466	1329	3335	2916	210	3467	3468	3469	1401	270	3470
1506	262	2887	3471	308	267	3472	1848	40	395	279	3473	1587	3474	79	179	425	245	3475	3476	751	3477	2563	2957	33	3262	3478	48	243	3479	3480	3481	926	183	116	3482	328	523	305	3276	3483	2142	3435	3482	3391	3484	40	2531	1432	3485	3486	41	836	749	3487	303	3071	2152	524	549	3488	1149	93	3426	3489	428	1184	3490	1681	1464	3491	615	428	463	2585	3001	3492	270	606	3493	478	506	3494	127	3495	3496	3497	930	2114	10	441	3209	3498	3499	90	15	406	2284	3500	3501	944	3502	40	3428	2877	14	943	3503	288	425	435	116	3504	3505	1030	1121	502	262	1279	212	3506	2786	3507	2093	3457	267	3508	71	238	3509	815	1108	35	124	3510	1850	330	2074	2802	3511	3512	3513	329	441	1438	2221	3514	2531	3335	3515	2248	279	3516	83	3517	1314	340	480	2967	3518	1132	3335	3515	3519	494	1058	3457	1811	23	329	104	2608	3440	3520	2963	3521	1342	2853	381	450	3522	755	1235	2620	1811	486	3523	1545	3524	3525
3526	41	14	1747	3527	368	165	126	3528	3529	110	14	26	22	463	165	126	3530	48	169	164	160	1451	2877	1422	3531	3532
903	3533	1396	549	151	698	24	3534	1719	3535
3316	217	826	112	425	418	182	2001	524	3536	40	828	628	1055	124	1249	2040	58	3537	551
1037	111	127	3538	3539	2312	2	3540	2107	3541	126	127	152	212	271	154	3542	1379	177	1381
208	1211	292	1034	40	124	319	83	127	291	182	1016	206
177	111	920
3543	185	856	1685	2015	3544	161	1945	417	478	668	14
1037	111	160	147	597	1010	551	3545	183	3546	1411	1211	3547	3548	3166
1136	3549	3550	207	35	3551	205	976
22	1440	3552	3553	110	270	1255	3554	3555	3556	1886	3557	852	1488	506	3558	3559	3560	1317	281	282	533	281	3561	182	2477	3562	23	3563	380	1719	3564	904	245	3565	1083	217	3566	3567	3568	3569	2498	160	3570	3571	1719	3572	506	243	2293	299	3573	205	102	3396	147	182	217	205	976
1380	1109	160	147	3574	3575
1074	406	926	47	160	270
1210	1211	111	3086	852	1394
177	431	3086	387	2135	3576	177	924	1685	3223	270
177	150	3577
208	1211	3578	1032	28	24	2	3579	2496	3580
177	22	3086	1492	3581	3582	271	2689	642	3119	3583	2747	3584	40	556	3152	418	3585	2341	127	664	271	253	3586	425	3585	889	3587	124
864	28	386	127	3588	217	848	160	553
177	111	1039	1413	1488	693	208	1211	3578
150	584	2210	2922	778	754	1129	177	217
35	185	3589	3590	682	150	442	625	1074
3591	14	570	3592	208	3593
40	113	14	186	271	949	3280	380	3594	177	244	1488	952
40	917	920	3595	1145	2363	3596	1136	955	182	1685	3597	0	1892	1224	110	780	3598	111	124	3330	3599	3600	3601	3602	3603	111	2345
292	657	40	1091	1685	527	183	116	3604	3605	149	245	962	139
2293	860	185	553	329	905	981	270	3313	830	3606	2350	988	3607
208	3608	0	574	1443	330	932
2643	3609	163	1785	2583	3610	3611	111	976	1213	1512	770	1385	3612	25	879
903	111	147	44	3206	3613	505	3614	3615	208	3616
3617	852	679	3618	1445	353	1385	3619	672	3620	3336	3621	3622	366	3336	2828	270	3623	3624	3625	3626	2202	3627	3628	818	3629	3630	1930	3631	137	3632	1313	30
723	609	718	903	174	978	172	3616
177	924	111
3633	1083	679	3634	111	441	270	3635	44	271
177	293	127
177	914	1074	1196	1217	3636	643
3637	129	3638
270	200	3639	3640	111
810	53	3641	930	1732	3642	198	932	3643	144
3644	3644	3645	3646	30	826	185	292	926	0	1668	139
177	406	1229	110	183	147	177	105	3647
3241	2001	14	3648	271	3606
1032	553	137	3649	3650	30
3651	113	116	3652	617	270	441	1382	177	105
110	14	3653	3654	3655	1248	1249	291	1176	478	926	40	995	3	9	274	3656	177	1314	3657	177
177	2689	391	160	386	974	1211	124	889	3658	116	3659	3660	160	1211	833	111	3661	3662	2780	2248	111	1004	3663	3664
723	1102	1074	28	3665	368	550	138	879	427	2523	127	3666	722
177	111	1099	110	270	274	183	111	584	3667	29	2394	2497	217	105	3668	3669	427	124	23	83	314	3670	217	2752	1681	138	154
177	3671	202	1012	3672	2957	258	3673	1136	3674	177	3675
138	154	831	3676	2918	3677	3678
177	914	177	914	368	111	920	1441	1141	427	434	183	1137	3040	1141
3679	177	3680
177	105	3681	3624	163	164	955	929	111	2889	1138	576	270	217	2025	920	1141
198	754	1217	138	879	1669
245	3682	2961	3683
177	111	926	110	273	182	150	524	836	947	3684	40	9	183	124	3685	40	1241	1242	2336	183	27	3686	3687	44	41
271	14	1490	40	990	652	3688	329	3689	3690	943	3691	177	2820	177	1394
1074	53	478	1968	3692
3693	1121	1211	360	330	929
177	914	2312	1034
262	160	147	3694	3364	160	970	177	1394	3695	111	206	139
177	611	127
890	3696	3697	230	1845	15	3698	217	330	1386
111	3086	2868	2869	722	27	987	177	111	3577
110	14	2022	177
40	442	2717	609	218	1063	662	3699	427	3166	3700	3701	3702	1681	1255	700	104	3703	217	1376	129	83	245	54	2296	137	163	1941	828	1138
177	447	1153	3462	111	1382
708	28	253	3704	1032	387
35	2001	1063	3705	2554	1373	2747	3706
1380	1229	177	48	461	1149	147	983
708	28	380	26	2179	683	976	270	138	879	3683	2369	1086	160	2304	3626	3707	3708
1180	478	556	677	3709	3710	2747	3711	208	1211	48	25	3712	330	754	584	2751	2334	44	41	3713
368	2746	440	767	183	441	3714
40	442	406	628	183
177	441	334	40	3715	1611	5	757	3716	3717	83	127	111	2190
3718	3299	137	283	3221	3	1405	3719	177
111	127	185	147	30	1933
40	54	253	862	26	2705	599	940	2279	3720	3721	2501	2497	2022
177	111	127	1418	943	553	3722	3313	2184
767	3723	3724	177
47	183	3725
1195	553	580	592	962	867	557	283	1224
1037	111	270	389	478	3726	160	1452	387	3683
177	41	158	427	41	2093	2297	476	10	270	48	24	3727	3728
3729	1005	2599	542	920	190	290
212	79	3730	190	191	1005	3731	684	380	63	3732	3733	2818	116	1119	488	40	3734	3735	3736	83	550	381	3737	2150	1863	1863	3738	867	151	812	1442	394	2982	1064	83	127	111	270	902
212	812	212	1035	702	1211	3736	153	3730	3739	3740	3741
1088	207	568	182	3742	569	3459	1284	543	11	634	3743	439	3744	1121	424	3745	1121	3746	3747	628	22	926
394	412	270	22	862	970	110	151	3748	3749	1668
63	22	222	1545	3554	3750	434	172	3751	257	189	1284	2842	51	3752	410	267	79	3088	59	3753	3754	753	3755	2065	3554	606	1451	1284	1119	584	830
2243	2615	138	154	3614	92